38.316 -34.963 -56.065 -29.242 -38.063 -63.382 -72.357 75.652 13.791 -6.728 -16.836 -68.147
-77.598 -35.012 31.799 27.524 -69.001 -67.698 -60.205 -24.258 9.068 15.324
-74.086 47.489 -56.516 24.897 -12.447 -71.193 -30.262 74.354 29.036 89.782 -100.796 -42.092 70.998 85.838 90.967 -90.755 -33.213
-57.586 31.907 72.976 -83.517 99.659 93.776 -10.478 -55.990 -43.048 -88.958 39.063 -12.880 41.958 24.082 44.043 23.665 44.433 43.836 55.112 16.268
-0.301 49.245 17.738 -88.948 -59.707 38.470 -72.145 56.424 -23.613 20.166 28.815 24.592 67.918 -37.329 -36.508 -100.372 83.115
-63.198 49.018 36.869 -56.750 -35.861 -9.031 -57.918 11.895 7.687 9.346 10.843 52.088 70.275 -69.135
13.985 98.324 58.288 62.133 -79.992 -97.464 91.535 44.269 50.140 8.136 13.925 -1.341 52.515 52.496 -81.076 -42.992 -27.973
-19.020 26.934 -62.485 -53.887 31.336 -15.770 -96.037 -7.489 -79.719 -84.127 -0.828 -44.039
-53.865 93.439 -98.799 6.279 -51.297 -50.136 99.526 -2.102 26.846 29.789
33.558 -91.091 18.956 -42.320 52.547 -14.133 45.663 -36.444 -69.947 -42.115 25.743 -44.590 22.145 8.486 -23.134 -43.431 33.628 56.929 90.951
7.516 47.713 -57.895 -93.370 -35.494 69.428 75.758 -86.568 -14.013 89.041 -90.164 -59.551 79.327 -89.705 -100.275 0.700 -59.788 33.334 -4.409
-56.735 23.264 36.657 -45.750 -3.193 17.193 64.432 -88.067 -51.720 25.503 -40.865 33.029 34.486
46.204 12.956 30.415 -8.356 -2.232 -96.398 93.563 90.536 -13.697 45.964
-42.927 22.751 -35.941 -41.918 -6.260 62.755 -27.117 -38.022 -60.420 -86.800 -54.078 15.029 44.750 -27.223 -33.539 45.806 -72.703
25.001 -10.760 -85.693 63.537 -56.921 31.549 -85.816 -18.211 -19.986 -79.496
-6.316 12.570 62.750 54.139 79.245 96.326 -84.917 -73.208 55.831 62.851 96.820 25.235 43.483 -87.649 95.440 12.245 97.310 1.053 24.408
85.174 18.424 -0.254 25.130 13.859 66.304 -38.967 -67.401 34.851 -48.754 17.427
18.611 -67.403 63.939 -94.982 7.893 -72.664 5.116 -10.544 -90.971 -74.653 -8.488 38.356 96.352 -31.426 -73.470 -62.841 1.482 -92.850 -87.866
-49.972 18.958 95.292 28.753 -6.229 -0.708 -17.940 -35.756 28.276 28.877 18.515 62.862 -30.797 -70.527 71.511 6.545 -40.140 -49.182 -4.265
-35.679 22.019 -56.931 41.046 -82.517 -5.051 8.785 -63.871 54.246 -54.563 31.104 -87.176